V 54
K 1
D 0 -7112000 8128000 3556000
Y 1
U 7747000 3556000 254000 0 2 3 REFDES=IC?
U 7747000 3302000 254000 0 2 3 DEVICE=USB2517I-JZX
U 7747000 3048000 254000 0 2 0 PKG_TYPE=QFN50P900X900X100-65N-D
U 7747000 2794000 254000 0 2 0 Description=USB Interface IC Ultra Fast USB 2.19
U 7747000 2540000 254000 0 2 0 Datasheet Link=https://componentsearchengine.com/Datasheets/2/USB2517I-JZX.pdf
U 7747000 2286000 254000 0 2 0 Height=1
U 7747000 2032000 254000 0 2 0 Manufacturer_Name=Microchip
U 7747000 1778000 254000 0 2 0 Manufacturer_Part_Number=USB2517I-JZX
U 7747000 1524000 254000 0 2 0 Mouser Part Number=886-USB2517I-JZX
U 7747000 1270000 254000 0 2 0 Mouser Price/Stock=https://www.mouser.co.uk/ProductDetail/Microchip-Technology/USB2517I-JZX?qs=pA5MXup5wxGVk3PXuCIZ0A%3D%3D
U 7747000 1016000 254000 0 2 0 Arrow Part Number=USB2517I-JZX
U 7747000 762000 254000 0 2 0 Arrow Price/Stock=https://www.arrow.com/en/products/usb2517i-jzx/microchip-technology?utm_currency=USD&region=nac
U 0 0 254000 0 1 0 FORWARD_PCB=1
l 5 508000 3048000 7620000 3048000 7620000 -6604000 508000 -6604000 508000 3048000
|GRPHSTL -1 -1 -1 1
P 1 0 0 508000 0 0 2 0
L 584200 0 228600 0 2 0 1 0 USBDN1_DM/PRT_DIS_M1
A 355600 50800 203200 0 9 3 #=1
A 0 0 9 0 3 0 PINTYPE=BI
P 2 0 -254000 508000 -254000 0 2 0
L 584200 -254000 228600 0 2 0 1 0 USBDN1_DP/PRT_DIS_P1
A 355600 -203200 203200 0 9 3 #=2
A 0 0 9 0 3 0 PINTYPE=BI
P 3 0 -508000 508000 -508000 0 2 0
L 584200 -508000 228600 0 2 0 1 0 USBDN2_DM/PRT_DIS_M2
A 355600 -457200 203200 0 9 3 #=3
A 0 0 9 0 3 0 PINTYPE=BI
P 4 0 -762000 508000 -762000 0 2 0
L 584200 -762000 228600 0 2 0 1 0 USBDN2_DP/PRT_DIS_P2
A 355600 -711200 203200 0 9 3 #=4
A 0 0 9 0 3 0 PINTYPE=BI
P 5 0 -1016000 508000 -1016000 0 2 0
L 584200 -1016000 228600 0 2 0 1 0 VDDA33_1
A 355600 -965200 203200 0 9 3 #=5
A 0 0 9 0 3 0 PINTYPE=BI
P 6 0 -1270000 508000 -1270000 0 2 0
L 584200 -1270000 228600 0 2 0 1 0 USBDN3_DM/PRT_DIS_M3
A 355600 -1219200 203200 0 9 3 #=6
A 0 0 9 0 3 0 PINTYPE=BI
P 7 0 -1524000 508000 -1524000 0 2 0
L 584200 -1524000 228600 0 2 0 1 0 USBDN3_DP/PRT_DIS_P3
A 355600 -1473200 203200 0 9 3 #=7
A 0 0 9 0 3 0 PINTYPE=BI
P 8 0 -1778000 508000 -1778000 0 2 0
L 584200 -1778000 228600 0 2 0 1 0 USBDN4_DM/PRT_DIS_M4
A 355600 -1727200 203200 0 9 3 #=8
A 0 0 9 0 3 0 PINTYPE=BI
P 9 0 -2032000 508000 -2032000 0 2 0
L 584200 -2032000 228600 0 2 0 1 0 USBDN4_DP/PRT_DIS_P4
A 355600 -1981200 203200 0 9 3 #=9
A 0 0 9 0 3 0 PINTYPE=BI
P 10 0 -2286000 508000 -2286000 0 2 0
L 584200 -2286000 228600 0 2 0 1 0 VDDA33_2
A 355600 -2235200 203200 0 9 3 #=10
A 0 0 9 0 3 0 PINTYPE=BI
P 11 0 -2540000 508000 -2540000 0 2 0
L 584200 -2540000 228600 0 2 0 1 0 USBDN5_DM/PRT_DIS_M5
A 355600 -2489200 203200 0 9 3 #=11
A 0 0 9 0 3 0 PINTYPE=BI
P 12 0 -2794000 508000 -2794000 0 2 0
L 584200 -2794000 228600 0 2 0 1 0 USBDN5_DP/PRT_DIS_P5
A 355600 -2743200 203200 0 9 3 #=12
A 0 0 9 0 3 0 PINTYPE=BI
P 13 0 -3048000 508000 -3048000 0 2 0
L 584200 -3048000 228600 0 2 0 1 0 CFG_SEL2
A 355600 -2997200 203200 0 9 3 #=13
A 0 0 9 0 3 0 PINTYPE=BI
P 14 0 -3302000 508000 -3302000 0 2 0
L 584200 -3302000 228600 0 2 0 1 0 LED_B7_N
A 355600 -3251200 203200 0 9 3 #=14
A 0 0 9 0 3 0 PINTYPE=BI
P 15 0 -3556000 508000 -3556000 0 2 0
L 584200 -3556000 228600 0 2 0 1 0 LED_A7_N/PRT_SWP7
A 355600 -3505200 203200 0 9 3 #=15
A 0 0 9 0 3 0 PINTYPE=BI
P 16 0 -3810000 508000 -3810000 0 2 0
L 584200 -3810000 228600 0 2 0 1 0 LED_B6_N
A 355600 -3759200 203200 0 9 3 #=16
A 0 0 9 0 3 0 PINTYPE=BI
P 17 2032000 -7112000 2032000 -6604000 0 1 0
L 2032000 -6527800 228600 1 2 0 1 0 LED_A6_N/PRT_SWP6
A 1981200 -6756400 203200 1 9 3 #=17
A 0 0 9 0 3 0 PINTYPE=BI
P 18 2286000 -7112000 2286000 -6604000 0 1 0
L 2286000 -6527800 228600 1 2 0 1 0 LED_B5_N
A 2235200 -6756400 203200 1 9 3 #=18
A 0 0 9 0 3 0 PINTYPE=BI
P 19 2540000 -7112000 2540000 -6604000 0 1 0
L 2540000 -6527800 228600 1 2 0 1 0 TEST
A 2489200 -6756400 203200 1 9 3 #=19
A 0 0 9 0 3 0 PINTYPE=BI
P 20 2794000 -7112000 2794000 -6604000 0 1 0
L 2794000 -6527800 228600 1 2 0 1 0 PRTPWR4
A 2743200 -6756400 203200 1 9 3 #=20
A 0 0 9 0 3 0 PINTYPE=BI
P 21 3048000 -7112000 3048000 -6604000 0 1 0
L 3048000 -6527800 228600 1 2 0 1 0 OCS4_N
A 2997200 -6756400 203200 1 9 3 #=21
A 0 0 9 0 3 0 PINTYPE=BI
P 22 3302000 -7112000 3302000 -6604000 0 1 0
L 3302000 -6527800 228600 1 2 0 1 0 OCS3_N
A 3251200 -6756400 203200 1 9 3 #=22
A 0 0 9 0 3 0 PINTYPE=BI
P 23 3556000 -7112000 3556000 -6604000 0 1 0
L 3556000 -6527800 228600 1 2 0 1 0 PRTPWR3
A 3505200 -6756400 203200 1 9 3 #=23
A 0 0 9 0 3 0 PINTYPE=BI
P 24 3810000 -7112000 3810000 -6604000 0 1 0
L 3810000 -6527800 228600 1 2 0 1 0 VDD33CR
A 3759200 -6756400 203200 1 9 3 #=24
A 0 0 9 0 3 0 PINTYPE=BI
P 25 4064000 -7112000 4064000 -6604000 0 1 0
L 4064000 -6527800 228600 1 2 0 1 0 VDD18
A 4013200 -6756400 203200 1 9 3 #=25
A 0 0 9 0 3 0 PINTYPE=BI
P 26 4318000 -7112000 4318000 -6604000 0 1 0
L 4318000 -6527800 228600 1 2 0 1 0 PRTPWR2
A 4267200 -6756400 203200 1 9 3 #=26
A 0 0 9 0 3 0 PINTYPE=BI
P 27 4572000 -7112000 4572000 -6604000 0 1 0
L 4572000 -6527800 228600 1 2 0 1 0 OCS2_N
A 4521200 -6756400 203200 1 9 3 #=27
A 0 0 9 0 3 0 PINTYPE=BI
P 28 4826000 -7112000 4826000 -6604000 0 1 0
L 4826000 -6527800 228600 1 2 0 1 0 OCS1_N
A 4775200 -6756400 203200 1 9 3 #=28
A 0 0 9 0 3 0 PINTYPE=BI
P 29 5080000 -7112000 5080000 -6604000 0 1 0
L 5080000 -6527800 228600 1 2 0 1 0 PRTPWR1
A 5029200 -6756400 203200 1 9 3 #=29
A 0 0 9 0 3 0 PINTYPE=BI
P 30 5334000 -7112000 5334000 -6604000 0 1 0
L 5334000 -6527800 228600 1 2 0 1 0 PRTPWR5
A 5283200 -6756400 203200 1 9 3 #=30
A 0 0 9 0 3 0 PINTYPE=BI
P 31 5588000 -7112000 5588000 -6604000 0 1 0
L 5588000 -6527800 228600 1 2 0 1 0 LED_A5_N/PRT_SWP5
A 5537200 -6756400 203200 1 9 3 #=31
A 0 0 9 0 3 0 PINTYPE=BI
P 32 5842000 -7112000 5842000 -6604000 0 1 0
L 5842000 -6527800 228600 1 2 0 1 0 LED_B4_N
A 5791200 -6756400 203200 1 9 3 #=32
A 0 0 9 0 3 0 PINTYPE=BI
P 33 8128000 0 7620000 0 0 3 0
L 7543800 0 228600 0 8 0 1 0 LED_B2_N/BOOST1
A 7772400 50800 203200 0 3 3 #=48
A 0 0 9 0 3 0 PINTYPE=BI
P 34 8128000 -254000 7620000 -254000 0 3 0
L 7543800 -254000 228600 0 8 0 1 0 LED_A3_N/PRT_SWP3
A 7772400 -203200 203200 0 3 3 #=47
A 0 0 9 0 3 0 PINTYPE=BI
P 35 8128000 -508000 7620000 -508000 0 3 0
L 7543800 -508000 228600 0 8 0 1 0 VDD33
A 7772400 -457200 203200 0 3 3 #=46
A 0 0 9 0 3 0 PINTYPE=BI
P 36 8128000 -762000 7620000 -762000 0 3 0
L 7543800 -762000 228600 0 8 0 1 0 SUSP_IND/LOCAL_PWR/NON_REM0
A 7772400 -711200 203200 0 3 3 #=45
A 0 0 9 0 3 0 PINTYPE=BI
P 37 8128000 -1016000 7620000 -1016000 0 3 0
L 7543800 -1016000 228600 0 8 0 1 0 VBUS_DET
A 7772400 -965200 203200 0 3 3 #=44
A 0 0 9 0 3 0 PINTYPE=BI
P 38 8128000 -1270000 7620000 -1270000 0 3 0
L 7543800 -1270000 228600 0 8 0 1 0 RESET_N
A 7772400 -1219200 203200 0 3 3 #=43
A 0 0 9 0 3 0 PINTYPE=BI
P 39 8128000 -1524000 7620000 -1524000 0 3 0
L 7543800 -1524000 228600 0 8 0 1 0 HS_IND/CFG_SEL1
A 7772400 -1473200 203200 0 3 3 #=42
A 0 0 9 0 3 0 PINTYPE=BI
P 40 8128000 -1778000 7620000 -1778000 0 3 0
L 7543800 -1778000 228600 0 8 0 1 0 SCL/SMBCLK/CFG_SEL0
A 7772400 -1727200 203200 0 3 3 #=41
A 0 0 9 0 3 0 PINTYPE=BI
P 41 8128000 -2032000 7620000 -2032000 0 3 0
L 7543800 -2032000 228600 0 8 0 1 0 SDA/SMBDATA/NON_REM1
A 7772400 -1981200 203200 0 3 3 #=40
A 0 0 9 0 3 0 PINTYPE=BI
P 42 8128000 -2286000 7620000 -2286000 0 3 0
L 7543800 -2286000 228600 0 8 0 1 0 PRTPWR6
A 7772400 -2235200 203200 0 3 3 #=39
A 0 0 9 0 3 0 PINTYPE=BI
P 43 8128000 -2540000 7620000 -2540000 0 3 0
L 7543800 -2540000 228600 0 8 0 1 0 OCS6_N
A 7772400 -2489200 203200 0 3 3 #=38
A 0 0 9 0 3 0 PINTYPE=BI
P 44 8128000 -2794000 7620000 -2794000 0 3 0
L 7543800 -2794000 228600 0 8 0 1 0 OCS7_N
A 7772400 -2743200 203200 0 3 3 #=37
A 0 0 9 0 3 0 PINTYPE=BI
P 45 8128000 -3048000 7620000 -3048000 0 3 0
L 7543800 -3048000 228600 0 8 0 1 0 PRTPWR7
A 7772400 -2997200 203200 0 3 3 #=36
A 0 0 9 0 3 0 PINTYPE=BI
P 46 8128000 -3302000 7620000 -3302000 0 3 0
L 7543800 -3302000 228600 0 8 0 1 0 OCS5_N
A 7772400 -3251200 203200 0 3 3 #=35
A 0 0 9 0 3 0 PINTYPE=BI
P 47 8128000 -3556000 7620000 -3556000 0 3 0
L 7543800 -3556000 228600 0 8 0 1 0 LED_B3_N/GANG_EN
A 7772400 -3505200 203200 0 3 3 #=34
A 0 0 9 0 3 0 PINTYPE=BI
P 48 8128000 -3810000 7620000 -3810000 0 3 0
L 7543800 -3810000 228600 0 8 0 1 0 LED_A4_N/PRT_SWP4
A 7772400 -3759200 203200 0 3 3 #=33
A 0 0 9 0 3 0 PINTYPE=BI
P 49 2032000 3556000 2032000 3048000 0 0 0
L 2032000 2971800 228600 1 8 0 1 0 EP
A 1981200 3200400 203200 1 3 3 #=65
A 0 0 9 0 3 0 PINTYPE=BI
P 50 2286000 3556000 2286000 3048000 0 0 0
L 2286000 2971800 228600 1 8 0 1 0 VDD33PLL
A 2235200 3200400 203200 1 3 3 #=64
A 0 0 9 0 3 0 PINTYPE=BI
P 51 2540000 3556000 2540000 3048000 0 0 0
L 2540000 2971800 228600 1 8 0 1 0 RBIAS
A 2489200 3200400 203200 1 3 3 #=63
A 0 0 9 0 3 0 PINTYPE=BI
P 52 2794000 3556000 2794000 3048000 0 0 0
L 2794000 2971800 228600 1 8 0 1 0 VDD18PLL
A 2743200 3200400 203200 1 3 3 #=62
A 0 0 9 0 3 0 PINTYPE=BI
P 53 3048000 3556000 3048000 3048000 0 0 0
L 3048000 2971800 228600 1 8 0 1 0 XTAL1/CLKIN
A 2997200 3200400 203200 1 3 3 #=61
A 0 0 9 0 3 0 PINTYPE=BI
P 54 3302000 3556000 3302000 3048000 0 0 0
L 3302000 2971800 228600 1 8 0 1 0 XTAL2
A 3251200 3200400 203200 1 3 3 #=60
A 0 0 9 0 3 0 PINTYPE=BI
P 55 3556000 3556000 3556000 3048000 0 0 0
L 3556000 2971800 228600 1 8 0 1 0 USBUP_DP
A 3505200 3200400 203200 1 3 3 #=59
A 0 0 9 0 3 0 PINTYPE=BI
P 56 3810000 3556000 3810000 3048000 0 0 0
L 3810000 2971800 228600 1 8 0 1 0 USBUP_DM
A 3759200 3200400 203200 1 3 3 #=58
A 0 0 9 0 3 0 PINTYPE=BI
P 57 4064000 3556000 4064000 3048000 0 0 0
L 4064000 2971800 228600 1 8 0 1 0 VDDA33_4
A 4013200 3200400 203200 1 3 3 #=57
A 0 0 9 0 3 0 PINTYPE=BI
P 58 4318000 3556000 4318000 3048000 0 0 0
L 4318000 2971800 228600 1 8 0 1 0 USBDN7_DP/PRT_DIS_P7
A 4267200 3200400 203200 1 3 3 #=56
A 0 0 9 0 3 0 PINTYPE=BI
P 59 4572000 3556000 4572000 3048000 0 0 0
L 4572000 2971800 228600 1 8 0 1 0 USBDN7_DM/PRT_DIS_M7
A 4521200 3200400 203200 1 3 3 #=55
A 0 0 9 0 3 0 PINTYPE=BI
P 60 4826000 3556000 4826000 3048000 0 0 0
L 4826000 2971800 228600 1 8 0 1 0 USBDN6_DP/PRT_DIS_P6
A 4775200 3200400 203200 1 3 3 #=54
A 0 0 9 0 3 0 PINTYPE=BI
P 61 5080000 3556000 5080000 3048000 0 0 0
L 5080000 2971800 228600 1 8 0 1 0 USBDN6_DM/PRT_DIS_M6
A 5029200 3200400 203200 1 3 3 #=53
A 0 0 9 0 3 0 PINTYPE=BI
P 62 5334000 3556000 5334000 3048000 0 0 0
L 5334000 2971800 228600 1 8 0 1 0 VDDA33_3
A 5283200 3200400 203200 1 3 3 #=52
A 0 0 9 0 3 0 PINTYPE=BI
P 63 5588000 3556000 5588000 3048000 0 0 0
L 5588000 2971800 228600 1 8 0 1 0 LED_A1_N/PRT_SWP1
A 5537200 3200400 203200 1 3 3 #=51
A 0 0 9 0 3 0 PINTYPE=BI
P 64 5842000 3556000 5842000 3048000 0 0 0
L 5842000 2971800 228600 1 8 0 1 0 LED_B1_N/BOOST0
A 5791200 3200400 203200 1 3 3 #=50
A 0 0 9 0 3 0 PINTYPE=BI
P 65 6096000 3556000 6096000 3048000 0 0 0
L 6096000 2971800 228600 1 8 0 1 0 LED_A2_N/PRT_SWP2
A 6045200 3200400 203200 1 3 3 #=49
A 0 0 9 0 3 0 PINTYPE=BI
E
